     -11.9717     -12.7918     -4.84711     -17.8415     -20.6285     -6.87320   0.00100000
     -12.2069     -6.79051      1.36922     -46.6882     -25.7077      9.37874   0.00100000
     -6.94465     -19.1387     -4.75505     -14.2046     -40.4399     -11.0187   0.00100000
     -3.93185     -8.65848     0.513993      7.69410      1.49057      6.17528   0.00100000
     -7.33601     -6.73357     -6.22173     -5.87880      5.48878      12.0319   0.00100000
     -4.40433     -10.0503     -6.07669     -19.8073     -46.3619     -27.2660   0.00100000
     -4.44608     -9.02802     -5.29730     -7.16882     -14.1295     -8.90857   0.00100000
     -6.31127     -6.74001     -4.88056     -32.7347     -36.5233     -21.6116   0.00100000
    -0.502818     -6.99396     -4.87969      14.5575      36.9250      22.2324   0.00100000
      1.90810     -9.71137     -5.33262     0.456868     -19.3910      3.79306   0.00100000
   -0.0497417     -7.39580     -3.03603     -12.3045      41.9559      20.4703   0.00100000
     0.963471     -7.57894     -2.35317     -5.25693      43.0158      27.2957   0.00100000
   -0.0409846     -12.0205    -0.447066     -3.29910     -8.56447      5.64010   0.00100000
     0.718488     -12.9796     -1.10166      10.4617     -22.9820     -9.96107   0.00100000
     -8.37329     -10.3382     -10.7714     -18.4362     -27.8611     -30.9172   0.00100000
      1.66317      5.48816     -2.68584     -4.75419      11.1887     -10.7592   0.00100000
      1.85081      3.81662     -2.20243      2.69081     -28.9539      15.9615   0.00100000
     0.602080      3.37520     0.447697      35.7538      91.4447      38.5263   0.00100000
     0.158315      3.19329    -0.579498      7.08243     -16.6435     -16.3373   0.00100000
      1.29325      3.61628     0.672917      5.12380     0.208207      6.27093   0.00100000
     0.775438      3.83981      1.91031     -2.48602     -22.8008     -12.4596   0.00100000
     -1.62897      3.44439     0.763108     -15.5075      10.1849      8.53106   0.00100000
     -3.03324      4.00484     0.222264     -11.5353     -6.20740      2.07286   0.00100000
    -0.490532      3.31345     -1.34061     -10.0374      68.1769     -13.4258   0.00100000
    -0.849906     0.947700     -1.94299     -35.7042      27.6020     -106.084   0.00100000
    -0.831155     0.189789     -1.59531     -68.7070      59.4695     -102.616   0.00100000
    -0.992135      1.24461     -3.63009     -8.76966     -8.30702      13.6399   0.00100000
     -2.79485     0.112170     -2.26740     -43.5025    -0.972432     -35.0709   0.00100000
     -2.32889     0.890124     0.244498      3.39972     -28.7471    -0.100494   0.00100000
     -2.70613     0.427138      1.26146     -11.7801     -34.1870     -3.66632   0.00100000
     -2.15855      1.84379     0.261338     -65.9713      54.2048      18.8317   0.00100000
     -1.08348      1.36067    -0.290343     -87.6524      80.4552     -26.5090   0.00100000
    -0.779210      1.46735    -0.764852     -1.90483     -15.8582     -61.1196   0.00100000
    -0.797448      1.44959    -0.844774     -58.3470      136.614     -60.7004   0.00100000
    -0.586293      2.15279     0.608327      41.5887     -31.9163     -1.87383   0.00100000
    -0.981593      1.27377      1.38504      19.0895     -2.27326      34.3779   0.00100000
    -0.838586     0.745849      1.04748      93.0361     -118.731     -87.8093   0.00100000
    -0.679973      1.17028      1.43047      31.0461     -18.8796     -66.7767   0.00100000
     -1.75352     0.628152     0.657824     -29.1348     -22.0079      8.96983   0.00100000
    -0.330161     0.269818      1.47767     -20.2371      31.9224      96.0722   0.00100000
    -0.807585     0.210254      1.24747      116.603     -31.2421     -151.253   0.00100000
    -0.513551   -0.0146805     0.800729     -78.4651     -36.1589      85.6212   0.00100000
    -0.650608    -0.135461     0.468370     -42.3555     -27.2733      82.1921   0.00100000
    -0.550637    0.0529134     0.256911     -21.2333      31.3998     -7.21444   0.00100000
    -0.572096    0.0356196     0.283637      273.360     -14.2371     -83.0621   0.00100000
    -0.633262   -0.0624949     0.360359     -68.7968      26.6758      54.5635   0.00100000
    -0.634583    -0.147687     0.376047     -238.770      55.8500     -34.3913   0.00100000
    -0.343478    -0.240478     0.340497      22.9250     -48.4657     -214.003   0.00100000
    -0.292957    -0.139328    0.0708110      44.0417     -75.8254     -68.4128   0.00100000
    -0.343660   -0.0793554   -0.0295784      199.774      98.2929     -151.897   0.00100000
    -0.613838     0.139716 -0.000939131     -52.6273      121.592      39.9596   0.00100000
    -0.317784   -0.0192199   -0.0615413      42.1230      38.5442      137.001   0.00100000
    -0.393845   -0.0193040     0.167867      143.247      122.593      48.2374   0.00100000
    -0.422283     0.187051     0.117615     -26.3700      5.08226      121.082   0.00100000
    -0.476010     0.214892   -0.0176532     -22.4440      176.378     -95.0602   0.00100000
    -0.304616     0.195997     0.277571     -7.80460      156.704     -57.6472   0.00100000
    -0.570803     0.430633     0.415034      63.8445     -82.1849     -33.1726   0.00100000
     -1.20447     0.348712     0.228971      93.9896     -7.62043     -5.68032   0.00100000
    -0.330257     0.685069     0.271622     -40.1086     -167.594      77.8030   0.00100000
    -0.849569     0.715510     0.357513      33.9862     -20.0128     -2.22087   0.00100000
    -0.481687     0.667396     0.174775     -2.98232      77.3700     -35.4634   0.00100000
    -0.597574     0.550930    -0.390710      7.55694     -63.7643      66.4522   0.00100000
    -0.852475     0.723827    -0.343750      66.4088      24.0883      26.9893   0.00100000
    -0.749834     0.632715    -0.488088      44.3327     -33.2136      44.6788   0.00100000
    -0.535757     0.904388    -0.838373     -40.5564      37.5592     -50.1182   0.00100000
    -0.388741      1.10551    -0.797982      68.2987     -105.054      110.378   0.00100000
     -1.42319     0.372826    -0.887848      49.7289     -4.13073      38.0093   0.00100000
     -1.49847     0.212700    -0.734314      55.6087      10.7540      66.7988   0.00100000
     -1.13010   -0.0715630    -0.524550     -37.8049      5.33043     -46.0275   0.00100000
     -1.22477   -0.0613430    -0.683225      151.643      34.1711      49.2639   0.00100000
    -0.790729    -0.131426    -0.178685     -140.744      110.511     -118.514   0.00100000
    -0.764451  -0.00127423    -0.237877      45.5361      113.946     -2.55451   0.00100000
    -0.870839     0.220502    -0.247959      3.92055      95.4653     -16.3322   0.00100000
    -0.311653     0.460871    -0.428988     -80.5897      84.1705     -81.1933   0.00100000
    -0.531365     0.236971    -0.207684      2.60433     -20.8167      141.956   0.00100000
    -0.287006    0.0406872    -0.377156      30.4992      152.665     -21.3343   0.00100000
    -0.327595    0.0291375    -0.160623     -211.028      26.7127     -3.06185   0.00100000
    -0.536245   -0.0353149    -0.371078      16.8351      68.7236      114.029   0.00100000
    -0.515076    -0.129607    -0.538623      188.141      64.9837      37.3467   0.00100000
    -0.533931   -0.0595938    -0.389471      79.7109     -40.9140     -65.0810   0.00100000
    -0.673819    -0.153382    -0.239137     -43.7635     -24.3273     -16.4152   0.00100000
    -0.426609   -0.0830436    -0.209044      103.506     -32.3057      46.0250   0.00100000
    -0.358616    -0.162208    -0.542730      65.5606      121.435      67.7118   0.00100000
    -0.350727     0.111406    -0.574557      38.5334     -77.5451      189.697   0.00100000
   -0.0568252    -0.211823    -0.778143      67.3830     0.293259     -109.472   0.00100000
    -0.194485     0.100731    -0.638532      83.0126      138.826      39.2289   0.00100000
    0.0889060    0.0611950    -0.550433      27.8796     -43.5543     -120.650   0.00100000
    0.0842965    -0.221457    -0.565946      11.5939     -79.8832      5.03064   0.00100000
    -0.208747    -0.216623    -0.378889      121.419     -151.980      35.9473   0.00100000
    -0.275530    -0.220896    -0.379956     -119.590     -66.4708     -40.7892   0.00100000
    -0.276755    -0.119842    -0.151317      38.8922     -146.339      65.2350   0.00100000
    -0.129879    -0.151888    -0.221582     -38.9119     -219.899      96.5791   0.00100000
    -0.116435    -0.143874    -0.206133     -35.0265     -155.917      38.9089   0.00100000
    -0.119628    -0.222801    -0.314016     -188.039     -31.1033     -91.2423   0.00100000
   -0.0514035    -0.150705    -0.198730     -60.2227      74.9129      153.139   0.00100000
  -0.00330710   -0.0723559    -0.191164     -181.073      58.9888      11.4995   0.00100000
  -0.00827384   -0.0836728    -0.251018     -68.5956     -39.6615     -9.73048   0.00100000
     0.100661   -0.0816610    -0.188424      78.7282     -176.022      126.949   0.00100000
    0.0349753   -0.0510031    -0.169800     -109.867     -93.9491     -245.304   0.00100000
    0.0680921    -0.109540    -0.148123      248.213      241.394     -263.774   0.00100000
     0.105251    -0.132005    -0.194251     -35.7383     -5.93236      206.852   0.00100000
   -0.0304079    -0.188147    -0.371646     -4.16211      116.156     -1.26133   0.00100000
   -0.0534403    -0.176075    -0.403993     -142.722     -132.135      119.892   0.00100000
   -0.0276427    0.0946436    -0.370720      91.4067     -12.3676      124.483   0.00100000
     0.110343     0.121442    -0.332389      146.223     -137.637     -11.0801   0.00100000
    0.0538037   -0.0218360    -0.332623     -17.4479     -9.09224      11.0311   0.00100000
   -0.0423768   -0.0150707    -0.172774      31.9231      96.1939      86.0767   0.00100000
   -0.0361316   -0.0307623    -0.174802     -61.5637      18.6036      111.008   0.00100000
   -0.0517082     0.109594    -0.245062     -28.3309     -90.8917     -118.471   0.00100000
   -0.0198090    0.0822425    -0.274878     -181.987      15.6317     -35.8430   0.00100000
    -0.148570    0.0545158    -0.413462     -50.2442     -65.4053      72.9843   0.00100000
    -0.186377     0.161971    -0.174127      100.121      57.4893     -150.868   0.00100000
    -0.160532     0.344131    -0.329175     -66.4814     -88.1523      11.9645   0.00100000
    -0.111095     0.224335    -0.290957      150.127     -118.295     -165.889   0.00100000
    0.0865302     0.323764    -0.208496     -1.93348      157.200     -17.0685   0.00100000
    0.0555398     0.176475    -0.501987      48.2607     -45.7060      71.5813   0.00100000
   -0.0813193     0.417462    -0.375606     -26.9348      40.6712     -180.965   0.00100000
    -0.197170     0.496321    -0.652167     -46.0023     -168.423      55.9153   0.00100000
    -0.225070     0.219837    -0.559402      24.7688     -19.1738      79.8449   0.00100000
     0.429626     0.225567    -0.761106      33.3358     -41.0894      50.8382   0.00100000
     0.376867     0.375520    -0.768894      91.2152      13.1151     -87.5468   0.00100000
     0.441713     0.432734    -0.270624      46.1565      66.6815     -3.06626   0.00100000
     0.288411     0.428626    -0.367965     -116.364      63.4316     -56.9001   0.00100000
     0.159231     0.250629    -0.354236     -106.434     -59.8162     -140.535   0.00100000
     0.256869     0.159412    -0.188697     -57.9843      334.122     -95.8919   0.00100000
     0.438033     0.317302    -0.223581      96.0894      123.462      21.8673   0.00100000
     0.458321   -0.0414295    -0.360019     -23.8193      81.7059      56.5924   0.00100000
     0.418926    0.0458813    -0.161082     -9.83219     -113.203     -179.292   0.00100000
     0.319816    0.0328066    -0.193333     -59.5878     -1.09910      9.78621   0.00100000
     0.402989     0.134697    -0.240232      28.8149     -27.8557      159.902   0.00100000
     0.248247    0.0667621    -0.186000     -55.7315     -36.1976      125.638   0.00100000
     0.289137   -0.0352768    -0.150421     -77.8484     -104.885      86.9868   0.00100000
     0.272819   -0.0368906    -0.225410      67.7949      64.9182      198.546   0.00100000
     0.273400   -0.0135908    -0.336998     -118.978     -19.1727     -55.1736   0.00100000
     0.222084   -0.0429626    -0.336163     -45.4255      218.324      48.4232   0.00100000
     0.178473    0.0240419    -0.257601     -126.550     -4.29025     -153.219   0.00100000
     0.143460    0.0700681    -0.206759      113.346     -8.87647     -62.3484   0.00100000
     0.172878     0.132452    -0.148777     -108.041     -53.7773     -65.4358   0.00100000
     0.126235    0.0551326    -0.343263     -107.562      89.4496      1.57493   0.00100000
     0.247447     0.112763    -0.472886      55.4142      48.9470     -147.560   0.00100000
     0.164637    0.0113784    -0.415940     -68.6167      48.7784     -38.4179   0.00100000
     0.147170    -0.230641    -0.438036      24.4382      15.8477     -41.7063   0.00100000
     0.127723    -0.176927    -0.147335      177.532     -8.44281     -9.66240   0.00100000
     0.202979   -0.0563238    -0.160970     -2.96774      41.0413      107.652   0.00100000
     0.139858   -0.0812939    -0.159793     -321.477      91.2776      57.2744   0.00100000
     0.239622   -0.0779675    -0.180207      34.5535      131.980      44.1679   0.00100000
     0.252073    -0.121162    -0.194973     -8.56726      45.3815     -66.9691   0.00100000
     0.281277    -0.229452    -0.155082     -93.1184     -119.365      128.454   0.00100000
     0.364058   -0.0557790    -0.173473      136.321      42.5616      145.468   0.00100000
     0.353103   -0.0615581    -0.151905      27.1588      176.040      23.4148   0.00100000
     0.426013    -0.195581    -0.334328      144.165      66.6204      203.153   0.00100000
     0.497051    -0.234292    -0.369151     -20.7779     -28.8843      30.2069   0.00100000
     0.392459   -0.0177294    -0.828979     -17.6942      16.9563      96.3341   0.00100000
     0.159665  -0.00767565    -0.809953     -22.8720     -86.1975      59.6135   0.00100000
     -1.91553     -1.54676     -1.69245      8.09063      18.6481      11.5239   0.00100000
     -1.90160    -0.737633    -0.982125      55.9462      53.6283      33.7298   0.00100000
     -2.96763     -1.73551     -2.48415     -87.4205    -0.528744     -88.5201   0.00100000
     -2.68878     -1.65026     -1.74911     -24.4222     -7.45582     -20.5594   0.00100000
     -2.89396    -0.620057     -2.77338    -0.215937      38.1561     -1.99867   0.00100000
    -0.314573     -1.81600     -2.84545     -23.6571    -0.631040      51.5362   0.00100000
    -0.631252    -0.335903     -1.15437     -4.34546     -25.1034     -34.3829   0.00100000
    -0.675775     -1.44901    -0.948621     -24.4657     -32.7162      28.5041   0.00100000
    -0.554357     -2.31667     -1.70929     -96.6434     -69.6669     -83.0683   0.00100000
    -0.858428     -2.17751    -0.960114     -65.7141     -92.7602     -73.8096   0.00100000
     -2.31101     -2.56421     -2.36899     -13.8992     -6.93641      15.2076   0.00100000
     -2.02023     -3.14642     -1.69316     0.777621      17.7250      39.8727   0.00100000
     -2.08579     -3.21440    -0.951475      56.4505      69.5456      28.1468   0.00100000
     -1.24238     -5.85921     -1.18582      25.6986      52.8875      19.0296   0.00100000
    -0.771153     -5.93589     -1.07432      3.19154      40.6062     -8.79513   0.00100000
     -2.10079     -5.11444     0.685315      14.8503      15.4495     -10.1106   0.00100000
     -1.90749     -4.31707      1.75410    0.0822048     -10.4762      20.7376   0.00100000
     -2.91261     -3.74034    -0.628972      34.6558      4.01887     -8.14886   0.00100000
     -1.53939     -3.88919    -0.809348      20.7265      65.5717      27.4997   0.00100000
    -0.626547     -5.19213    -0.854611    -0.283310     -38.8792     -20.8530   0.00100000
      1.63275     -5.01373   -0.0130639     -17.4688      80.5595      17.7844   0.00100000
     0.634323     -4.58049     -1.72400     -21.7085     -33.2866     -27.3535   0.00100000
     0.587026     -5.30023     -3.32961     -3.20312      24.8136      15.5240   0.00100000
     0.108459     -4.33483     -2.75978      3.69356      42.6125      38.9989   0.00100000
  -0.00297570     -4.42304     -2.52869      2.80991     -61.7281     -31.3057   0.00100000
      1.10976     -3.73338     -3.57593      3.11299      4.77977      2.96854   0.00100000
      2.80878    -0.723751     -5.53810     -3.77618      10.2774      1.57207   0.00100000
      1.46828     -1.82583     -4.59931      37.2345     -18.5328     -117.851   0.00100000
      2.68472     -3.38671     -4.41502      3.56830     -29.8725     -36.8005   0.00100000
   -0.0691197    -0.242253     -4.27993     -21.6107     -13.0911      8.82293   0.00100000
     -1.29394     -1.10326     -5.37974     -2.11174     -5.71672     -35.1704   0.00100000
     -1.00815     -2.19712     -4.27901      21.3715     0.753731      54.8357   0.00100000
     -1.93624     -1.00894     -4.34362      27.5318      9.00577      79.8596   0.00100000
     -3.65151     -2.20042     -5.64580     -45.6411     -17.6740     -46.2657   0.00100000
     -4.25529    -0.407264     -1.55432     -44.0320    -0.591688     -19.7398   0.00100000
     -7.67693      1.50469      1.85895      78.8800      2.81246      6.13078   0.00100000
     -5.55414      2.71115    0.0628879     -8.90787     -4.88662     0.612651   0.00100000
     -5.65965      5.88666      2.20165      23.3219     -27.2327     -4.60970   0.00100000
     -3.52428      1.81563     -6.55545     -36.8825      9.48595     -68.5397   0.00100000
     -5.63764    -0.147435     -9.85492     -32.4927      2.53071     -60.3982   0.00100000
     -7.84808      10.7061      2.16261      41.2270     -23.9868      9.97295   0.00100000
     -3.92079      12.5967     -6.87991     -13.5418      50.3057     -23.2097   0.00100000
     0.680451      7.06855     -3.95918      1.52214     -4.19186      2.04558   0.00100000
     -1.67764      6.85004     -1.90987      24.5824     -43.6466      31.3741   0.00100000
     -2.72699      8.07191     0.373800     -22.7727      46.9714     0.808642   0.00100000
     -1.73581      15.0200    -0.911435    -0.371822      9.14050      4.36304   0.00100000
      17.9504      27.6042     -15.0889      49.7849      78.2683     -35.0861   0.00100000
      4.16808      6.04887     -4.24548      11.0668      7.13623     -19.2978   0.00100000
      3.13543     0.792674     -4.40192     -21.8034     -26.2404      16.2505   0.00100000
      9.38165     -3.05860     -7.87802      37.2786     -1.60489     -27.6525   0.00100000
      7.79937      6.03356     -3.92284     -3.63154     0.873686      10.3058   0.00100000
      4.78822      5.97879     -1.12046     -6.33228    -0.275029      4.62744   0.00100000
      3.29528      4.43836    -0.281250     -13.2065     -7.32040     -10.4606   0.00100000
      4.49275      2.81055     0.934658      3.57866     -1.65423     -7.54329   0.00100000
      3.71797     0.816078    -0.762941      58.3913     -2.90430     -19.3940   0.00100000
      3.27990     0.159933    -0.228087      69.3234      23.3752     -4.85480   0.00100000
      5.60351     0.853727      1.88141      7.11286      2.74996     -1.83155   0.00100000
      3.29318     -1.21014     -1.75605      56.3749     -45.0761     -29.1080   0.00100000
      6.64717    -0.995233     -3.28710      19.2684     -5.78901     -6.76178   0.00100000
      6.94887      18.3891      8.05197      16.6121      32.5148      17.9792   0.00100000
      6.10207      31.2715      6.73630      25.5202      129.994      32.4046   0.00100000
      4.28768      23.9890      17.4608      14.2587      63.6788      45.8349   0.00100000
      10.5123      25.3821      19.5260      44.4681      107.076      84.0206   0.00100000
      1.01745      7.73788      7.53093     0.325094     -12.8586     -11.4504   0.00100000
     -3.94575      8.19047      5.22768      2.97691     -14.3771      6.77323   0.00100000
     -4.15712      13.2443      5.61437     -7.58500      23.7400      9.37178   0.00100000
     -5.28176      1.04571      4.20883      35.2818     -5.63907     -16.1762   0.00100000
     -6.71554     0.479249      5.66284      26.8522      12.3948     -14.8542   0.00100000
     -6.01263     -1.63531      3.04269     -46.7558     -9.72951      17.6230   0.00100000
     -6.48535     -1.76158      3.55168      6.00884    -0.905427   -0.0105925   0.00100000
     -3.72005     -4.66566      5.73666     -62.0954     -77.9866      93.7070   0.00100000
     -3.70578    -0.356035      9.18438     -12.7200    -0.296929      24.5576   0.00100000
     -3.18569     -1.51568      3.71970     -16.1753     -21.9360      11.3978   0.00100000
    -0.793108     -1.66553      3.90182      24.3406      25.0143     -33.2385   0.00100000
     0.710243     -1.71985      3.29963     -16.6798      40.6628     -59.3127   0.00100000
    -0.201117     -3.35454      2.42220     0.785590     -23.6126     0.507323   0.00100000
      2.22166     -2.59023      2.25145      39.1576     -30.6575      30.9369   0.00100000
     0.649490     -1.36748      6.66081     0.122010     -7.98107      8.92597   0.00100000
      1.86447      1.61733      3.74068     -51.1356     -21.7574     -80.4890   0.00100000
     0.223128      1.10808      3.17070     0.382557     -42.8910     -91.8272   0.00100000
     0.520123     0.367468      3.17302     -21.5104     -20.2406     -40.8308   0.00100000
     -1.61674     0.862094      2.70169      28.1119      5.38091     -26.2426   0.00100000
     -1.65605     0.930360      2.99238      19.8271     -25.8169     -59.0320   0.00100000
     -1.03067     0.737622      3.20825     -51.8887    -0.557990      77.5806   0.00100000
     -2.41220      2.10823      2.78645      51.6915     -15.9924     -29.5008   0.00100000
     -2.31612      1.30688      3.95980      12.8904     -5.00644     -21.2711   0.00100000
     -1.11265      3.52452      2.67904     -16.2757      37.2470      24.4215   0.00100000
    -0.495594      4.74272      2.53547   -0.0116081     -30.5819     -6.29535   0.00100000
      2.05695      3.67537      3.38070     -9.67690      5.24551     -4.81617   0.00100000
      1.76205      4.84900      3.50344      11.0820      20.5872      18.6324   0.00100000
     -4.52523     -10.0121      12.8700     -7.25734     -10.4596      19.8425   0.00100000
     -7.91612     -7.19766      3.84290     -31.4585     -30.0292      24.1474   0.00100000
    0.0443683    0.0830579    0.0584545      25.8172     -73.2598      18.4246   0.00100000
    0.0491555     0.117202     0.117595      90.7861      136.228      113.489   0.00100000
    0.0657501     0.124961     0.138635      9.46861      77.7173     -58.7159   0.00100000
    0.0814571    0.0961539     0.227638     -66.0770     -131.786      56.8442   0.00100000
    0.0756922     0.100946     0.200840      178.051      188.039     -28.1599   0.00100000
   -0.0712156     0.132411     0.245500     -44.2556      42.6583      69.0886   0.00100000
   -0.0446572    0.0872813    0.0947754     -142.653     -55.5410     -12.2524   0.00100000
   0.00175190    0.0382088    0.0571249      70.9709     -176.689      170.823   0.00100000
    0.0107939    0.0267749     0.101512      91.0739     -416.066     -120.357   0.00100000
    0.0120368  -0.00695062    0.0919504     0.491370      137.031     -208.792   0.00100000
   -0.0410011   -0.0291508     0.143444     -65.9230      99.6773      121.389   0.00100000
 -4.05312e-06   -0.0437129     0.160929      45.1002     -122.193     -138.515   0.00100000
  -0.00154400   -0.0314217     0.169442      139.268     -65.2524     -276.789   0.00100000
    0.0390356   -0.0188251     0.158205      156.191     -131.411      154.871   0.00100000
    0.0292923   -0.0354004     0.235112      33.9452     -185.464      39.4435   0.00100000
     0.110735   0.00606942     0.179919      167.188     -162.264      42.2743   0.00100000
     0.106619   -0.0180917     0.180652     -192.963      88.8420      96.9859   0.00100000
    0.0680051   -0.0380641     0.139567      262.080     -40.0643      202.215   0.00100000
    0.0643995  -0.00741279     0.136500     -65.9644     -34.8551      108.952   0.00100000
     0.103575    0.0204339     0.105786     -67.7583      263.798     -52.9752   0.00100000
    0.0860069    0.0167148     0.144007      236.409      56.9424     -72.7110   0.00100000
    0.0602357   0.00676405     0.134354     -90.5305      76.4478      117.499   0.00100000
    0.0443215    0.0250577     0.142889      237.177      25.8760     -44.8351   0.00100000
    0.0569742    0.0185442     0.113939     -27.4629     -132.231      61.7865   0.00100000
    0.0199003    0.0476383     0.124802      188.968      16.3329      207.949   0.00100000
    0.0278320   -0.0114253     0.104264      45.0497     -83.9376     -17.8757   0.00100000
    0.0519614   -0.0389502    0.0734210      139.346      136.823      14.5765   0.00100000
    0.0833514    0.0160660    0.0930800      236.863     -184.818     -392.536   0.00100000
     0.102854    0.0294272    0.0730085      160.936     -34.6537     -161.369   0.00100000
     0.102837   -0.0122015    0.0775270      56.5756     -298.872      47.7806   0.00100000
     0.104418   -0.0249743    0.0687759      148.706      291.624     -45.3934   0.00100000
    0.0724366    -0.127117    0.0744040     -100.921     -62.9338      121.560   0.00100000
    0.0168061    -0.122278    0.0895622      82.8773     -73.5579      65.1197   0.00100000
    0.0166492    -0.136813    0.0841935      162.991      75.2836     -112.535   0.00100000
    0.0294635   -0.0713160    0.0523202      67.8738      141.859     -87.7254   0.00100000
    0.0443347   -0.0882844    0.0599892     -419.902     -85.7809     -30.6240   0.00100000
    0.0140514   -0.0724761    0.0907726     -124.120     -190.373      59.2092   0.00100000
    0.0155158   -0.0782046    0.0853190     -127.560     -40.6786      74.0518   0.00100000
    0.0504332   -0.0596498     0.114442     -252.331      167.659     -51.3176   0.00100000
    0.0471056    -0.105892     0.121759     -316.056     -196.891     -120.441   0.00100000
    0.0624042    -0.118610     0.135433      217.535      56.0069      96.3836   0.00100000
    0.0908155   -0.0713719     0.120314     -35.3199     -202.368      32.0538   0.00100000
    0.0785317   -0.0684953     0.130572     -74.3346      194.235      32.6423   0.00100000
    0.0995758    -0.134967     0.151768      300.236     -35.0690     -30.8164   0.00100000
    0.0915859   -0.0997217     0.155403     -173.418     -61.6265     -13.5871   0.00100000
    0.0230546    -0.117846     0.153829      100.447      76.9946     -19.2203   0.00100000
    0.0615735   -0.0758512     0.183159     -27.0448     -305.184      112.958   0.00100000
    0.0426776   -0.0744214     0.173960     -22.3217     -115.391     -97.9461   0.00100000
    0.0455697   -0.0718229     0.152588     -59.4950      44.5063      176.575   0.00100000
    0.0499330   -0.0642531     0.164366      95.6926      100.745     -93.5015   0.00100000
   0.00933504   -0.0703706     0.168873     -142.186      124.089      60.9328   0.00100000
   -0.0221438    -0.119406     0.124099     -187.900     -176.726     -14.0118   0.00100000
   -0.0176871    -0.182917     0.124084      115.678     -117.825     -102.552   0.00100000
   -0.0212355    -0.169073     0.147426     -78.0192      104.964     -31.5893   0.00100000
   0.00388694    -0.183793     0.139432      251.619      146.574     -254.506   0.00100000
   -0.0529480    -0.214434    0.0780640      350.534      166.495      25.9457   0.00100000
   -0.0121856    -0.154824     0.242742      53.4001     -8.40337      17.8905   0.00100000
    0.0437787    -0.237920     0.181074      106.659      63.8638     -20.5043   0.00100000
     0.108906    -0.189662     0.222876      177.029      148.664      174.633   0.00100000
    0.0744190    -0.226084     0.159530     -80.7395     -80.1395      195.989   0.00100000
     0.104225    -0.155257     0.139261      19.3047     -26.8357     -100.288   0.00100000
    0.0852010    -0.146983     0.143424      132.948     -148.591      217.233   0.00100000
    0.0665269    -0.154445     0.148724      30.5779     -64.3244     -56.8217   0.00100000
    0.0459781    -0.212359    0.0769999      146.205      91.4438      75.6812   0.00100000
    0.0201664    -0.176761    0.0759690      51.3087      32.4959     -92.5878   0.00100000
    0.0827210    -0.202011    0.0838263      94.7308      316.363      15.8817   0.00100000
    0.0254977    -0.232590   0.00829911     -141.046      71.7901      93.6297   0.00100000
    0.0667679    -0.155922    0.0279427      169.427      219.361      305.596   0.00100000
    0.0664549    -0.146529    0.0252326     -78.8429     -28.0127      69.7699   0.00100000
     0.101747    -0.154422   -0.0146997      160.454     -14.6878     -230.161   0.00100000
    0.0433655    -0.143768   -0.0628016      47.2245      282.541     -143.813   0.00100000
    0.0856848    -0.166590   -0.0986850      38.7394     -135.520     -240.597   0.00100000
    0.0775497    -0.182343   -0.0537395     -337.591      136.639     -11.8144   0.00100000
     0.109411    -0.131976   -0.0663733      68.3735      305.412     -217.923   0.00100000
    0.0476415   -0.0981669    -0.123559     -2.64415      202.564      58.6646   0.00100000
    0.0425053    -0.124904   -0.0761545     -25.4018      19.9928      62.0211   0.00100000
    0.0283206   -0.0732343    -0.131826     -15.7971     -116.854      111.309   0.00100000
    0.0810688   -0.0920689   -0.0122724     -46.9060      160.399     -155.715   0.00100000
    0.0682375   -0.0701697  -0.00239491      3.54237     -230.964      108.526   0.00100000
    0.0898147   -0.0508202    0.0276954      106.598      47.0374      20.9048   0.00100000
    0.0826597   -0.0508779    0.0212491     -326.806      75.7420      312.377   0.00100000
    0.0645039   -0.0857319    0.0439496      42.2036     -76.0670     -178.906   0.00100000
    0.0637643    -0.105281    0.0200787     -35.3093      174.510      121.187   0.00100000
     0.106586    -0.120061   -0.0105555     -35.5714     -37.3141      10.1178   0.00100000
     0.111989    -0.129562   -0.0149953     -169.873      32.9695      60.9031   0.00100000
    0.0727110    -0.116584  -0.00873446     -113.292      103.443     -86.9918   0.00100000
    0.0412278   -0.0990361  -0.00274301     -11.9241     -17.4187      104.588   0.00100000
    0.0366144    -0.139528   -0.0443323     -94.0020     -60.2134      329.501   0.00100000
    0.0311964    -0.137012    0.0372355     -144.167     -145.517      59.7461   0.00100000
    0.0158730   -0.0603830    0.0434606      3.59774      108.030     -205.659   0.00100000
   0.00143981   -0.0452337    0.0184655      87.3990      219.478     -52.2932   0.00100000
   -0.0329297   -0.0718423    0.0497746      5.19884      79.1787     -129.940   0.00100000
   -0.0234554    -0.137370   -0.0356920     -9.84968      355.190     -71.3242   0.00100000
   -0.0361910    -0.118175    0.0453749      89.7349     -87.8092      143.768   0.00100000
   -0.0672691   -0.0799505    0.0327356      4.42555     -67.1213      38.3186   0.00100000
   -0.0128627   -0.0570413    -0.106652     -203.449     -64.4666      134.408   0.00100000
   -0.0310154    -0.123344   -0.0955434      126.212      233.115     -135.276   0.00100000
    0.0104845    -0.133337   -0.0597916     -72.3067     -48.0550      262.143   0.00100000
   -0.0829413    -0.165086   -0.0799680     -20.6520      135.483      54.1672   0.00100000
   -0.0266798    -0.170511 -0.000800133     -158.161     -236.880      67.6385   0.00100000
   -0.0496502    -0.143825    0.0200028      264.190     -2.89805     -146.451   0.00100000
    -0.123166   -0.0545193    0.0473897      214.003     -109.705     -71.1245   0.00100000
    -0.157123    -0.122956  -0.00785255      156.630     -103.441      99.0582   0.00100000
    -0.174237    -0.130454    0.0287824     -122.325      67.1990     -2.84747   0.00100000
    -0.150646   -0.0901383  -0.00817156      65.0571      283.466      17.9534   0.00100000
    -0.214082   -0.0497611   -0.0323946      68.0159     -178.945      75.1715   0.00100000
    -0.187218    -0.111938    0.0324109      17.6493      73.4974     -14.1857   0.00100000
    -0.185569    -0.186607    0.0243709      41.1005     -94.4350     -132.375   0.00100000
    -0.259513    -0.243366     0.519017      78.8587      65.6208     -113.020   0.00100000
    -0.224500    -0.417323     0.509444     -79.4723     -71.4718      218.568   0.00100000
   -0.0478849    -0.247274     0.482969     -6.40782      84.5542     -116.741   0.00100000
    0.0870619    -0.615471     0.621109      64.7671      146.314     -145.162   0.00100000
    -0.139322    -0.618269     0.576335      14.1031     -67.3213      74.4261   0.00100000
   -0.0386822    -0.339377     0.398320      15.7454      37.0937     -20.9654   0.00100000
   -0.0766511    -0.267380     0.364338      146.949     -15.1628      84.3485   0.00100000
     0.107633    -0.248853     0.414824      44.0405      38.8746     -74.4647   0.00100000
     0.109131    -0.244825     0.296223      88.3161     -19.7673      53.8149   0.00100000
   -0.0494313    -0.336292     0.326410     -147.654      2.48024      71.1818   0.00100000
   -0.0936220    -0.355677     0.411194      143.920      178.929     -144.036   0.00100000
    -0.278717    -0.304884     0.320264      58.7314      158.535     -60.2440   0.00100000
    -0.213008    -0.253560     0.170759     -30.0945     -43.3178      217.868   0.00100000
    -0.163251    -0.429411     0.178603     -95.0973    -0.873228      156.123   0.00100000
    -0.172370    -0.275387    0.0868478      43.8949     -22.8206      14.3081   0.00100000
    -0.168166    -0.377894     0.119947     -41.0201      19.9436     -278.611   0.00100000
    -0.267002    -0.305695     0.115202      38.1645     -104.019     -95.3269   0.00100000
    -0.270232    -0.312168   -0.0525911     -24.3052     -127.412      128.591   0.00100000
    -0.234706    -0.386822    -0.107605      14.1622     -69.3250     -127.641   0.00100000
    -0.142309    -0.248247   -0.0483162      52.6085      220.765     -219.220   0.00100000
   -0.0432208    -0.276930   -0.0104468     -20.9123      76.1735     -41.9186   0.00100000
   -0.0484416    -0.269623   -0.0697708      54.4463     -176.603     -200.445   0.00100000
   -0.0848079    -0.348148   -0.0238862      69.0414     -28.8386     -20.4870   0.00100000
    0.0892704    -0.336303    0.0263622      4.03970     -75.0077     -93.0861   0.00100000
    0.0829070    -0.244631    0.0388246      34.5375     -48.1851     -137.585   0.00100000
    0.0627885    -0.276654    0.0661461     -150.044      162.891      57.8942   0.00100000
    0.0877991    -0.307804     0.129183      20.4625      97.1530      28.8170   0.00100000
    0.0708473    -0.264445     0.113354     -184.997     -214.252      91.5490   0.00100000
    0.0457170    -0.270900     0.202703     -32.5180     -115.476     -176.024   0.00100000
   -0.0246255    -0.357759     0.125474     -108.634      81.8494      95.7824   0.00100000
   -0.0242298    -0.433628    0.0999856     -130.831     -37.0054     -146.577   0.00100000
    0.0270751    -0.456338     0.126422     -67.6383     -6.33212     -43.5750   0.00100000
    0.0461161    -0.448263     0.202312     -36.6131      61.4893     -160.994   0.00100000
 -0.000316858    -0.606851     0.131796      45.9204     -122.936      42.9708   0.00100000
    -0.202449    -0.598804     0.159029      196.278     -18.2696     -96.5710   0.00100000
     0.107200    -0.884133     0.149125      119.191      147.254     -21.3668   0.00100000
     0.107510     -1.02635  -0.00706792     -21.9847      173.351      51.2560   0.00100000
    0.0686665    -0.829275     0.316236      71.5061      107.503      1.70159   0.00100000
    0.0944469     -1.01566     0.514353      1.22095      99.0770     -22.6465   0.00100000
   -0.0731940    -0.834557     0.431734      59.1608      119.593     -45.2981   0.00100000
     0.137304    -0.768005     0.540158     -52.6861      142.885     -149.711   0.00100000
     0.181779    -0.681347     0.333976      30.8165      121.113     -12.4340   0.00100000
     0.221919    -0.643975     0.281494     -210.968     -67.2149      11.5717   0.00100000
     0.243814    -0.680179     0.355412     -8.09413     -217.273      165.519   0.00100000
     0.446272    -0.462702     0.238284     -160.919      55.5218      41.3670   0.00100000
     0.482915    -0.555040    0.0155463     -5.32677      37.1941     -93.0151   0.00100000
     0.247932    -0.480858     0.115147      122.442     -55.5059     -27.0200   0.00100000
     0.140463    -0.409988    0.0844338     -7.76544     -9.45005     -240.201   0.00100000
     0.125808    -0.245944     0.108346      46.4009    -0.365308     -72.8796   0.00100000
     0.142637    -0.261283    0.0965934      192.258      115.074     -26.6641   0.00100000
     0.147111    -0.256037    0.0893812     -17.2429      244.895     -80.5902   0.00100000
     0.135343    -0.306564   -0.0299096      185.179      136.023     -61.3541   0.00100000
     0.168052    -0.261383    -0.108773      266.565     -74.7913      2.46709   0.00100000
     0.176565    -0.306107   -0.0788400      85.2403      85.1586      64.8709   0.00100000
     0.119234    -0.338849    -0.117378     -5.00933      256.416      64.2981   0.00100000
     0.135386    -0.359588    -0.124071      120.391      26.1253     -7.31894   0.00100000
     0.287827    -0.375860    0.0215566      71.8509     -76.6422      47.8657   0.00100000
     0.307521    -0.313197    -0.118603      246.401     -5.23405     -111.815   0.00100000
     0.323825    -0.337741   -0.0342512     -66.7784     -39.2264      142.255   0.00100000
     0.314038    -0.364855    -0.125667     -88.4016     -8.12958      50.2912   0.00100000
     0.382699    -0.355234   -0.0972650     -9.30843     -80.7708     -51.3112   0.00100000
     0.343805    -0.391730  -0.00403762      309.036     -27.1796     -82.8060   0.00100000
     0.401811    -0.367967  -0.00895691      3.55798     -171.817     -76.7635   0.00100000
     0.325216    -0.406084    0.0614920      250.396     -62.5632      122.352   0.00100000
     0.318274    -0.285444     0.177899     -112.415     -123.073     -97.6259   0.00100000
     0.428262    -0.243012     0.206651     -85.0835      151.951     -25.1052   0.00100000
     0.324928    -0.336010     0.286613      43.8359      107.816     -50.1083   0.00100000
     0.274851    -0.451992     0.332053     -11.7132      120.996     -78.8860   0.00100000
     0.203238    -0.505867     0.339196     -53.3448     -136.011      59.5201   0.00100000
     0.130977    -0.514151     0.308752     -88.9392     -167.835     -49.3292   0.00100000
     0.427746    -0.496403     0.522839     -40.6147     -167.413      42.1600   0.00100000
     0.218649    -0.412169     0.473237     -3.28902      117.046     -213.814   0.00100000
     0.522188    -0.555837     0.299994     -68.3965      36.0431     -80.8750   0.00100000
     0.734126    -0.545901     0.273447      30.8883     -5.24929    -0.884405   0.00100000
      1.11963    -0.288589     0.561333     -86.1516     -20.6235      7.56771   0.00100000
     0.764308    -0.828780     0.198789      12.2255      3.16163     -20.8043   0.00100000
     0.950958    -0.725949   -0.0273480     -53.1526     -2.80407      1.88176   0.00100000
     0.538691     -1.13714     0.262810     -40.9528      72.7500     -54.3924   0.00100000
     0.100563     -1.22263     0.184180     -64.2682     -56.5881      57.3196   0.00100000
     0.246919     -1.25244    -0.254622      6.95231      121.777      168.771   0.00100000
     0.212397     -1.21939    -0.586223     -13.5462     -66.3910     -30.5725   0.00100000
     0.177899     -1.61694    -0.627841      9.59785     -96.4109     -17.4606   0.00100000
     0.739765    -0.683064    -0.591553      40.7043      44.0908     -72.7910   0.00100000
     0.636091    -0.882789    -0.227171     -20.8275      20.7290      40.9225   0.00100000
     0.608382    -0.894676    -0.398613      146.785     -170.197     -68.0006   0.00100000
     0.662422    -0.930610    -0.411080      53.6150      32.0890     -51.0431   0.00100000
     0.551307    -0.673559    -0.302366      31.4271     -12.9600      29.2919   0.00100000
      1.04289    -0.573890    -0.421497      101.180     -2.72717      1.18874   0.00100000
     0.148144    -0.451692    -0.598035     -160.151      11.8888      99.7691   0.00100000
     0.230119    -0.291453    -0.584420     -53.9218      30.2898     -124.931   0.00100000
     0.415143    -0.295154    -0.555866     -107.024     -42.6680      88.4049   0.00100000
     0.475960    -0.401651    -0.480510      24.7443      86.4636      104.791   0.00100000
     0.405919    -0.406284    -0.430038     -188.343      123.508      176.913   0.00100000
     0.489614    -0.250980    -0.158441      173.361     -3.46750      44.1940   0.00100000
     0.133353    -0.562708    -0.150659     -175.773      209.398      55.2982   0.00100000
    -0.273787    -0.659575    -0.659019     -16.8862     -92.6672     -119.804   0.00100000
    -0.137009    -0.999342    -0.359580     -132.377     -2.84623     -41.2381   0.00100000
   -0.0504928    -0.908425    -0.478981     -8.20296      53.0213     -49.8590   0.00100000
    -0.166457    -0.725897    -0.314827      5.20246     -164.539     -26.0634   0.00100000
    -0.230115    -0.617889    -0.324672      87.1554     -92.4303     -65.5241   0.00100000
    0.0420845    -0.534742    -0.301535      34.5814     -71.0151     -70.8235   0.00100000
    0.0304580    -0.539255    -0.183813      48.1023      112.889      48.5901   0.00100000
   -0.0577681    -0.329720    -0.154923     -114.726     -2.11108     -75.9891   0.00100000
    -0.153323    -0.430354    -0.155806      27.7875      53.7573      125.966   0.00100000
   -0.0935130    -0.282217    -0.492277      48.8737     -12.5585     -10.6677   0.00100000
    0.0870204    -0.290907    -0.561577      4.41119     -1.45361      56.7534   0.00100000
    -0.215827    -0.609283    -0.621574      24.7877     -30.9867     -87.2777   0.00100000
    -0.485622    -0.298596    -0.475729     -11.8498      19.6491     -34.8486   0.00100000
    -0.467583    -0.761677    -0.406685   -0.0947189      11.5849     -13.5195   0.00100000
    -0.526567    -0.874941    -0.184355     -106.219     -85.9349     -25.5893   0.00100000
    -0.323977    -0.683833    -0.621952      41.0608     -8.10417      77.2379   0.00100000
    -0.725417    -0.765002    -0.757418     -3.58817      10.5182     -72.3813   0.00100000
     -1.42725     -1.04065    -0.164227      36.6936      72.4626     -21.3672   0.00100000
     -1.08108     -1.58422    -0.638280      44.1170     -9.63461      21.4283   0.00100000
    -0.441855     -1.53729    -0.400106      43.2533     -54.5145     -15.0341   0.00100000
    -0.620214     -1.52648    0.0635617     -115.246     -42.8053      37.5473   0.00100000
    -0.425399     -1.20282     0.529539     -19.1499      73.9346     -50.8637   0.00100000
    -0.413236     -1.38513     0.591202      9.43631      18.8311     -60.0049   0.00100000
     -1.28955     -1.12959    0.0315859      20.2806      14.0848     -31.6401   0.00100000
     -1.40382     -1.12502     0.453766     -112.346     -6.22064      48.7215   0.00100000
     -1.36632     -1.15018     0.585929      19.4987     -24.1567      20.1123   0.00100000
     -1.19979    -0.915907   -0.0859151     -191.516     -55.1643      22.5573   0.00100000
     -1.62602    -0.341530    0.0572994     -105.082     -31.6486      6.77488   0.00100000
    -0.839621    -0.336272   -0.0864577     -42.3355      11.9985      46.0357   0.00100000
    -0.929713    -0.613630   -0.0573092     -45.2866     -32.3917     -10.9503   0.00100000
    -0.575467    -0.795131  0.000833750      43.2689     -39.3032     -58.6300   0.00100000
    -0.416065    -0.830350     0.117930     -32.3446     -126.436      53.8092   0.00100000
    -0.455437    -0.529749     0.133143      163.513      155.813      37.0265   0.00100000
    -0.393720    -0.415752    0.0388317      35.9387     -59.0550     -27.9953   0.00100000
    -0.287519    -0.343180    -0.141191     -77.3710      16.9207     -44.7161   0.00100000
    -0.331623    -0.333568     0.102201     -33.7757      99.3559      136.662   0.00100000
    -0.328127    -0.391756     0.356641      30.7283      6.52314     -143.898   0.00100000
    -0.370327    -0.438762     0.347256      159.475      38.5968     -46.1050   0.00100000
     -1.03103     -1.00503      1.52989      43.0601      7.30006     -62.7211   0.00100000
     -1.08582    -0.535345     0.679204     -80.7727     -16.5929      84.4019   0.00100000
    -0.764808     -1.03750      2.05546     -41.4502      4.91236      64.2998   0.00100000
    -0.375651     -1.14672      1.95223     -16.6678      65.0620     -77.8573   0.00100000
    -0.584660     -1.35023      2.03335     -1.42468      30.4565     -44.1991   0.00100000
    -0.968339     -1.05005     0.990247     -88.5827     -99.6143     -6.93683   0.00100000
    -0.393907     -1.03573     0.845124      61.6526      85.5642     -96.8343   0.00100000
    -0.429091     -2.14224     0.288671     -15.5147     -60.5726      48.9111   0.00100000
     -1.21107     -2.13589   -0.0241256     -61.1591     -47.4269      2.77177   0.00100000
     -1.87321     -1.95717      1.11070      17.4881      4.42397     -9.31230   0.00100000
     -2.23971     -1.32186      1.73847     -10.8315     -18.2941     -17.3131   0.00100000
     -2.22980    -0.295727     0.869971      26.2427     -45.4710     -51.6767   0.00100000
     0.118150    -0.232422    0.0898006      69.5368     -73.6354     -166.212   0.00100000
     0.195223    -0.213521     0.119041     -28.9535     -172.962      97.5183   0.00100000
     0.149489    -0.212013     0.111064      102.092     -177.148      17.4542   0.00100000
     0.243201    -0.223631     0.230101     -58.4746     -9.93920      38.2486   0.00100000
     0.282711    -0.203805    0.0916989      5.47040      30.5910      191.352   0.00100000
     0.222298    -0.203986     0.134091      259.073     -222.392     -115.094   0.00100000
     0.241610    -0.171429     0.122933     -34.6756      56.7577      33.3038   0.00100000
     0.247114    -0.120601    0.0772371     -60.8086     -80.3812      222.645   0.00100000
     0.211660   -0.0854125    0.0988119     -2.56664     -61.4051     -258.781   0.00100000
     0.296711   -0.0912091    0.0617361     -283.671      87.0243     -73.6241   0.00100000
     0.261357    -0.140050     0.186820      28.8260      137.431      45.4769   0.00100000
     0.254653    -0.113327     0.194877      219.355     -164.249      33.9717   0.00100000
     0.216224   -0.0763270     0.179189      16.6876      240.150     0.226995   0.00100000
     0.126331    -0.138473     0.175493     -298.703     -70.8410     -143.549   0.00100000
     0.116015    -0.122556     0.198556      357.246     -130.947     -130.365   0.00100000
     0.163681    -0.130972     0.144706     -19.7106      18.3822      85.4076   0.00100000
     0.197767   -0.0971174     0.120758     -322.138     -15.5479     -223.788   0.00100000
     0.196989    -0.141790     0.108951      79.9879     -125.232      239.402   0.00100000
     0.202609   -0.0609595    0.0974987      357.210     -98.8213     -94.1988   0.00100000
     0.196359   -0.0632455    0.0846758     -97.6769     -193.862      239.279   0.00100000
     0.187028    -0.133868    0.0792131     -14.2227      234.186      110.042   0.00100000
     0.191326    -0.133098    0.0954874     -71.2493      172.641      115.395   0.00100000
     0.138858    -0.122725    0.0584297      228.004     -117.422      189.228   0.00100000
     0.150230    -0.139918    0.0862885     -200.143     -72.3380     -46.9590   0.00100000
     0.113971   -0.0727394    0.0693939      17.6096     -140.971     -29.3585   0.00100000
     0.115459   -0.0909063    0.0970316      126.869     -317.698      237.252   0.00100000
     0.134304   -0.0463235    0.0725389     -74.4297      178.789      147.355   0.00100000
     0.126210   -0.0106139    0.0835183      330.117     -93.2909     -160.602   0.00100000
     0.132361    0.0105631    0.0518749     -237.175    -0.211291     -7.01052   0.00100000
     0.152090    0.0480198    0.0736415      118.711      157.662     -7.49006   0.00100000
     0.138382   0.00556040    0.0700710      142.108     -88.8367     -87.3812   0.00100000
     0.178569    0.0174613    0.0649045      19.4508     -105.567     -245.973   0.00100000
     0.183650    0.0247027    0.0513341      106.678      97.0549     -45.6469   0.00100000
     0.193959   -0.0276563    0.0779285      259.865      87.1425      3.52132   0.00100000
     0.164422   -0.0435280     0.116009      189.856     -166.655     -165.930   0.00100000
     0.187949  -0.00715280     0.124363      183.563     -120.317      214.673   0.00100000
     0.200120   0.00285029     0.140557     -183.201     -205.165      4.41787   0.00100000
     0.201638    0.0539187     0.101978     -16.4203     -100.257      85.8282   0.00100000
     0.169043    0.0151024     0.129628     -117.203     -75.8793      68.1064   0.00100000
     0.156960    0.0299015     0.142641     -106.339     -105.826     -188.583   0.00100000
     0.129507  -0.00632548     0.123095     -175.007      260.493     -22.3094   0.00100000
     0.143691 -1.90735e-06     0.141089     -46.5801      163.170      181.481   0.00100000
     0.147369   -0.0311383     0.142234      84.2283      35.3202      135.850   0.00100000
     0.154641   -0.0352638     0.129483      295.494      214.351     -5.58016   0.00100000
     0.138760   0.00411224     0.193174      174.156     -56.1610     -62.8018   0.00100000
     0.151739   -0.0136421     0.186021      40.3178     -180.182      192.700   0.00100000
     0.130202  -0.00863838     0.206419     -112.976      205.070     -38.3306   0.00100000
     0.113570   0.00728559     0.203352     -145.176     -20.8626     -8.57071   0.00100000
     0.130401    0.0137661     0.212104      225.386     -53.1490     -302.250   0.00100000
     0.155076    0.0438514     0.203184     -109.693     -171.592      34.8332   0.00100000
     0.141006    0.0329572     0.152297     -150.585      196.317     -111.930   0.00100000
     0.155674    0.0350246     0.179550      127.695      301.648     -2.01265   0.00100000
     0.196390    0.0195477     0.168892     -171.952      247.404      207.422   0.00100000
     0.209034    0.0306355     0.165047      107.827      109.441      321.158   0.00100000
     0.187074   -0.0102274     0.150365     -12.4736      41.9258     -341.537   0.00100000
     0.211572    0.0181061     0.172950      131.720     -149.942      17.0109   0.00100000
     0.295234   -0.0286961     0.243836      16.4789      54.7039      175.914   0.00100000
     0.288237   -0.0429927    0.0837798      300.204     -16.1674      204.536   0.00100000
     0.227327   -0.0276483    0.0641527     -39.6691      51.1831     -2.25274   0.00100000
     0.225180   -0.0224230     0.114727      330.574     -117.472      9.46078   0.00100000
     0.214567   -0.0286794     0.118625      165.535      292.304      34.3153   0.00100000
     0.236816    0.0440634     0.143736     -113.054     -129.219     -103.468   0.00100000
     0.218977    0.0330486     0.141466     -77.7056      37.5863     -155.689   0.00100000
     0.236430    0.0590465    0.0604014     -235.306     -289.920     -253.683   0.00100000
     0.239691    0.0897161    0.0668328      64.2509      241.831     -28.9357   0.00100000
     0.212529     0.140210    0.0697482      327.573     -99.4714     -181.357   0.00100000
     0.179066     0.115270     0.223788     -95.4400     -165.679      183.114   0.00100000
     0.184257    0.0579398     0.193152      86.3512     -7.89561      130.691   0.00100000
     0.131122     0.142617     0.229174      52.1906      45.6752      128.559   0.00100000
     0.136972    0.0858530     0.136781      98.3467      64.1054     -98.7525   0.00100000
     0.175293    0.0912167     0.110927     -158.842      15.6164     -80.3145   0.00100000
     0.203827    0.0628734     0.111601     -99.7522     -30.7805     -63.3895   0.00100000
     0.208520    0.0892688     0.127292      73.2934     -157.113     -17.7863   0.00100000
     0.204681    0.0806608    0.0723825      116.394      43.7607     -202.843   0.00100000
     0.164418    0.0598270    0.0953887     -338.281     -2.15111      129.519   0.00100000
     0.145526    0.0610640    0.0553780      53.2299     -61.3690      119.624   0.00100000
     0.149478    0.0578387    0.0840654     -78.7500     -43.5583      175.798   0.00100000
     0.125656     0.115472    0.0829780     -39.6076      251.062      203.712   0.00100000
     0.114564     0.152724    0.0978112     -142.276     -211.214     -67.3680   0.00100000
     0.117393     0.135596   0.00562072     -243.649      289.867      9.37314   0.00100000
     0.166064    0.0807387    0.0260656      130.122     -69.4590      117.368   0.00100000
     0.157048    0.0927826    0.0462651      120.477      165.661     -147.997   0.00100000
     0.152563    0.0801957  4.98295e-05     -67.3158      108.792     -50.1827   0.00100000
     0.185629    0.0695237   -0.0431232      21.8101      269.145      73.4715   0.00100000
     0.201307    0.0732864   -0.0237422     -35.2014     -6.03938     -28.1163   0.00100000
     0.187692     0.110699   -0.0363724      233.523     -39.7714      106.499   0.00100000
     0.123873     0.121374    -0.115381      159.064     -67.5949      78.8119   0.00100000
     0.134055     0.110356    -0.109119     -35.2153     -216.747      59.0351   0.00100000
     0.164558     0.100699   -0.0487838      216.180     -38.0416     -172.554   0.00100000
     0.163067     0.101846   -0.0976405     -65.3453      84.5813      20.1625   0.00100000
     0.167012    0.0569274    -0.119530      236.504     -263.592     -33.2398   0.00100000
     0.115128    0.0375645   -0.0683382     -140.737      222.571      129.813   0.00100000
     0.146688    0.0185275   -0.0843937     -182.363     -81.2771     -58.7960   0.00100000
     0.133333    0.0500134   -0.0815897     -138.168      167.993     -261.871   0.00100000
     0.173635    0.0459334   -0.0799103      31.2771      77.5180      28.7009   0.00100000
     0.158733   -0.0332679   -0.0659893      137.357     -63.2135     -38.7890   0.00100000
     0.140829   -0.0187625   -0.0497589     -110.814     -58.4037      269.146   0.00100000
     0.132776   -0.0401744   -0.0681798      318.755      166.973     -186.487   0.00100000
     0.125641   -0.0331515    0.0129001      78.9430     -69.5145      196.975   0.00100000
     0.114468   -0.0433810    0.0278354     -112.599     -326.558      333.804   0.00100000
     0.129133   -0.0331357    0.0499012      145.934      72.4219      212.950   0.00100000
     0.148083   -0.0193878    0.0369627     -226.507      49.1407      235.188   0.00100000
     0.126280  -0.00548053    0.0425477     -179.763     -237.523     -9.85944   0.00100000
     0.118796  -0.00876951    0.0253150     -87.5882     -110.739      14.5827   0.00100000
     0.116818    0.0234238   0.00610399      105.308     -49.0725      39.9134   0.00100000
     0.141436    0.0224640    0.0212555      5.84571    -0.480853      185.859   0.00100000
     0.140758    0.0139730   -0.0302591      34.9261      18.3240      202.603   0.00100000
     0.183668    0.0346407   -0.0147483     -116.666      154.675     -105.856   0.00100000
     0.174078    0.0499488   -0.0438631     -66.8359     -25.7021     -201.075   0.00100000
     0.171152    0.0303049   -0.0347347     -121.428      24.5392      133.457   0.00100000
     0.202279    0.0424979    0.0116103     -155.698     -180.438      58.3215   0.00100000
     0.192919    0.0377929    0.0133266     -200.203     -303.524     -2.30526   0.00100000
     0.187366    0.0379082    0.0199432      84.7156     -22.5799     -186.571   0.00100000
     0.176404    0.0324686    0.0258915      149.544     -156.092     -109.122   0.00100000
     0.180640    0.0116348    0.0187979      203.689     -197.342     -76.6389   0.00100000
     0.184114   0.00638139    0.0155666      337.733      204.109     -33.2907   0.00100000
     0.188612    0.0225126    0.0287852      167.837      69.4884     -150.705   0.00100000
     0.203208    0.0123651    0.0420685      188.325      107.387     -179.337   0.00100000
     0.193869   -0.0111177   -0.0377479      134.655      122.185      190.052   0.00100000
     0.204158  -0.00835335   -0.0479608     -281.754      87.2572      222.573   0.00100000
     0.180763   -0.0255092   -0.0295734      71.1907     -68.5626     -115.261   0.00100000
    -0.219228    -0.202258    0.0868621     -10.2790     -61.2852      34.0604   0.00100000
    -0.234516   -0.0475883    0.0749900     -74.5434      22.0362     -1.75974   0.00100000
    -0.209339   -0.0565096    0.0615044     -90.3787      2.00335     -179.940   0.00100000
    -0.229565    -0.109109    0.0900426     -76.7300     -13.9604      91.4299   0.00100000
    -0.135170   -0.0530758    0.0530980     -167.121      70.8625      113.361   0.00100000
    -0.174325    -0.155289     0.111364      204.446     -49.2161     -39.1568   0.00100000
   -0.0968862    -0.149356     0.116827     -183.109      13.7671      122.290   0.00100000
    -0.169826    -0.161692     0.207847      29.5806      59.0115      128.160   0.00100000
    -0.124910   -0.0789138     0.166453     -126.819      87.8118      142.512   0.00100000
    -0.100682    -0.128103     0.181932      263.090      104.802      24.6111   0.00100000
    -0.193493    -0.157716     0.233058      126.424     -46.2178     -91.4738   0.00100000
    -0.224517    -0.206807     0.312937     -31.4215      53.6622      93.8839   0.00100000
    -0.254106   -0.0941536     0.342609      56.5667      42.2731     -118.547   0.00100000
    -0.137218   -0.0479319     0.367572     -4.16765      44.9251     -104.455   0.00100000
    -0.156940    -0.212806     0.364480     -110.604      53.0826      201.498   0.00100000
   -0.0938301    -0.208840     0.325105     -12.2766      134.288      119.497   0.00100000
    -0.128084    -0.195535     0.317817     -12.9902     -73.9248     -42.8840   0.00100000
    0.0294299    -0.191403     0.317094     -204.582      114.350     -6.82021   0.00100000
    0.0266895   -0.0768373     0.271808      145.343      65.5229     -92.8685   0.00100000
   -0.0785599    0.0372581     0.274413      94.0902     -46.0100     -255.475   0.00100000
   -0.0754964    0.0459428     0.311737     -280.215     -34.2921      79.5061   0.00100000
    -0.169498    0.0680337     0.351014      124.269      46.6601      60.0472   0.00100000
    -0.118743    0.0910186     0.411953     -21.8824     -36.0135     -30.7465   0.00100000
   -0.0957639     0.143955     0.476841      40.7912     -32.7090     -69.2925   0.00100000
    -0.280655    0.0495731     0.463211     -135.775     -52.7686      45.3267   0.00100000
   -0.0677114    -0.120535     0.470236      35.5427     -61.9050     -165.574   0.00100000
    -0.173821    -0.210837     0.899158      65.9037      31.7328     -157.314   0.00100000
    0.0542080    0.0195166     0.696115     -63.1419     -50.1745     -130.241   0.00100000
    -0.239559     0.352160     0.717262     -6.67553     -12.1939      90.5865   0.00100000
     0.372082     0.278589      1.16541     -11.5079     -72.1280     -56.0363   0.00100000
     0.714777     0.138758      1.90816      51.2779      60.2058      77.9091   0.00100000
     0.937496    -0.214905      1.31503     -74.9813     -48.5327     -74.3226   0.00100000
      1.01887    -0.227823      1.22041     -56.3283     -65.4627     -53.1895   0.00100000
     0.791972    0.0165734     0.861848      106.072      18.7505      80.3853   0.00100000
     0.591786   -0.0283325     0.886931     -126.503     -54.1522      32.2416   0.00100000
     0.526544    -0.118434     0.694551      102.634      68.2731     -30.1082   0.00100000
     0.552960     0.280980     0.945397     -71.6046     -74.9579     -181.407   0.00100000
      1.16747     0.219843      1.15812     -4.13755      22.1155     -15.8677   0.00100000
     0.584204     0.554124     0.931176     -45.4955      34.4712     -8.49708   0.00100000
     0.761866     0.637472      1.08278      53.6305      125.488      59.3096   0.00100000
     0.618606     0.890121      1.14855      12.3577      88.5737      71.3454   0.00100000
     0.731813     0.944914      1.95509      51.9113      24.1127      97.5086   0.00100000
     0.268664     0.857136      1.15326     -36.1704     -53.0145     -136.328   0.00100000
     0.347895      1.22099     0.950873      39.0391      93.9118      45.0088   0.00100000
    -0.148678     0.787129     0.842267      107.755     -4.92443     -14.7272   0.00100000
    -0.272742     0.643918     0.819517      63.8286      16.7775     -9.71607   0.00100000
    -0.134602     0.995091     0.747517      27.7972     -85.4524      60.1392   0.00100000
    -0.232781      1.16819     0.995073      13.4796     -7.48447     -36.8917   0.00100000
    0.0102508      1.59107      1.07362      59.4880     -24.9162     -52.1174   0.00100000
   -0.0390172      1.43090      1.27724      13.7574     -29.6688     -34.5082   0.00100000
     0.491871      1.57732      1.79148      7.18311     -13.5549     -63.1321   0.00100000
     0.609480      1.56269      1.60382     0.923386     -18.0086     -36.8572   0.00100000
     0.913849      2.21555      1.12916    -0.526303      7.10567     -37.8271   0.00100000
    -0.208256      1.81663    -0.202512     -8.80767     -96.4327      51.0215   0.00100000
    -0.160131      1.37161    -0.213672      19.5516      62.1149      31.8140   0.00100000
    0.0464623      1.84494     0.173588     -23.1427     -150.266      26.4188   0.00100000
     0.138491      1.34939    0.0800791      55.4601     -105.160     -19.4923   0.00100000
     0.737156      1.50739     0.128032     -23.8035      70.0566      36.2896   0.00100000
     0.627997      1.49796     0.301143      2.76743      44.3325      51.3174   0.00100000
      1.22328      1.46633     0.295195      61.3413      127.080      64.0100   0.00100000
      1.17643      1.40338     0.232514      65.1218     -5.93144      32.3925   0.00100000
     0.600125      1.39267    -0.255711     -4.88309    -0.195204      32.3961   0.00100000
     0.717311      2.34775    -0.870726     -8.09328      13.5567      28.0778   0.00100000
      1.35913      1.34046     0.315452      125.348      51.1980     -2.22669   0.00100000
      1.44481      1.98273     0.335234     -6.97892      32.5168      26.8833   0.00100000
      1.43206      2.41423     0.733211     -32.0103     -8.93712      3.98586   0.00100000
      1.81591     0.749986      1.50315      21.9139      33.2146     -33.0933   0.00100000
      1.99481     0.363397     0.798485     -22.7305     0.456144     -17.0475   0.00100000
      1.83964    0.0731530     0.873286      21.2691     -39.1758      56.9153   0.00100000
      1.35274    -0.212959     0.863476      62.9956      3.67484      121.567   0.00100000
      1.84146     0.483502     0.204533      47.7137      21.0844     -22.3487   0.00100000
      1.75550     0.376980     0.526051     -27.8312     -18.5366     -23.7435   0.00100000
      1.33029     0.395003    -0.518904     -77.1712      18.9228      51.2829   0.00100000
      1.35808    -0.210676    -0.540767     -121.109      3.36512      33.2250   0.00100000
    -0.233161      1.44167     -2.06093     -42.6864      29.3956     -84.3840   0.00100000
     0.422937     0.707140     -1.20422     -3.56183     -68.4305      16.5561   0.00100000
    -0.160461    -0.198526     -1.14033      22.9955     -55.8320     -51.1782   0.00100000
     0.720731     0.200321     -1.03726     -43.3455     -38.8633     -12.5082   0.00100000
      1.02894    0.0544262     -1.47824     -62.0634     -7.40918      118.874   0.00100000
     0.512486      1.02599     -1.28630      25.0612      81.9023     -111.930   0.00100000
     0.767585     0.707265     -1.09583      50.8890      79.4469     -130.869   0.00100000
     0.880126     0.815164     -1.69344      16.8730     -56.2987     -7.67976   0.00100000
      1.28911    -0.107725     -2.33393      30.0530     -70.8011     -80.1962   0.00100000
     0.202683     0.107638     -1.97420      7.58781     -31.4021      99.9964   0.00100000
     0.593550     0.332625     -2.91209     -6.29241     -26.4187      38.3572   0.00100000
      1.22537     0.214321     -2.55912     -35.8959      27.9883      130.217   0.00100000
     0.732112      1.19784     -3.10609     -24.1417      10.7102     -28.9702   0.00100000
      2.23961      1.30411     -3.15892      32.0561      15.3000     -46.4541   0.00100000
     0.536573     -2.05606     -3.20393    -0.808290     -40.6108     -67.7800   0.00100000
    0.0250669     -1.23877     -2.30996     -1.23775     -62.4915     -91.8196   0.00100000
     0.701989    -0.845835     -1.83103     -8.39830     -40.4437     -43.7370   0.00100000
     0.740216     -1.74578     -1.94537      41.2887     -91.7711     -57.9283   0.00100000
     0.720737     -1.57031     -1.25615     -37.3292      63.8933      51.0132   0.00100000
      1.23751     -1.81454     -1.02742      25.2442     -53.1869      6.16659   0.00100000
      1.07372    -0.335113     -1.61463     -42.2364      37.0742      47.2652   0.00100000
     0.520592    -0.980971     -1.29759      60.5805      32.3314     -129.589   0.00100000
    0.0632544    -0.694196     -1.35471      7.05742     -10.5089     -24.5299   0.00100000
    -0.275877    -0.378027     -1.26425     -1.89563     -14.5056      12.0902   0.00100000
    -0.246120    -0.337020     -1.17646     -48.5118     -30.9858     -60.4819   0.00100000
   -0.0284886     -1.36459    -0.967022     -27.7938      19.3854      62.5378   0.00100000
   -0.0400026     -1.33996     -1.35848     -2.13781      26.6396      20.1398   0.00100000
     0.416807     -1.58246     -1.51746     -21.2560      95.2986      110.633   0.00100000
    -0.153762     -2.89585     -2.21667     -25.3594     -45.3452     -13.4581   0.00100000
      2.40997    -0.893102     -1.58282     -70.3811      34.7824      27.0747   0.00100000
      1.87714    -0.337219     0.158812     -112.591     -11.0729     -7.79606   0.00100000
      2.26632    -0.973403     0.525178      97.0881     -61.9736      33.6292   0.00100000
      2.00101     -1.38185      1.34815     -60.8027      50.9070     -73.5520   0.00100000
      2.16518     -1.31647     0.748070      58.5329      2.25481      11.9310   0.00100000
      1.98247     -2.09322     0.664874      25.9136     -2.95852      41.9352   0.00100000
     0.334109     -1.87778    -0.701621      26.0714     -35.0672      15.3612   0.00100000
     0.120716     -1.89325      1.58870     -30.3090     -8.85744     -7.87055   0.00100000
    0.0414352     -1.55997     0.816322      22.5804     -65.9365      60.5969   0.00100000
    -0.124611     -1.03546     0.731231      12.1979     -60.9688      20.2230   0.00100000
   -0.0403895     -1.17559     0.716815      32.2865     -170.176      52.8667   0.00100000
      1.18942    -0.379519      1.33440      88.5230     -15.1915      23.2652   0.00100000
     0.774186    -0.537221      2.03285      38.8598     -26.1481      49.8767   0.00100000
     0.161198    -0.406412      1.61373      16.0975     -42.5212      137.400   0.00100000
     0.320203    -0.802630      1.88757      28.3925      27.8578     -96.2570   0.00100000
     0.260610    -0.972890      1.90321      9.41742      33.0143      34.9841   0.00100000
     0.503242    -0.872382      1.17293     -51.4117      32.2061     -49.8593   0.00100000
     0.140484    -0.446530     0.976492     -1.61465      77.3200     -170.405   0.00100000
   -0.0246253    -0.652411     0.922607      41.4144      83.9510      18.2252   0.00100000
     0.109577    -0.462033     0.982891     -29.0363     -60.0618      6.84125   0.00100000
    -0.210660    -0.407978     0.722252     -36.7560     -103.639     -121.917   0.00100000
     0.604827   -0.0884154    -0.601988      22.7930     -83.7819     -62.9444   0.00100000
     0.824008   0.00752211    -0.676924      33.3830     -111.527      39.4994   0.00100000
     0.938153    -0.133549    -0.161453      186.307      148.066      71.8954   0.00100000
     0.764995    -0.201201    -0.498571      80.9611     -23.1740      126.998   0.00100000
     0.564506     0.176493    -0.169438     -82.8834      42.3226      92.9689   0.00100000
     0.632228     0.479237    -0.413148     -64.1528     -132.143      67.1690   0.00100000
     0.694666     0.406569    -0.276657      162.719      37.6197     -31.8844   0.00100000
     0.807318     0.519369    -0.672489     -58.7206     -87.4550     -16.7520   0.00100000
     0.608010     0.373374    -0.753500      35.8400      106.255     -100.571   0.00100000
     0.830132     0.851560    -0.595261     -102.887     -42.3266     -1.35274   0.00100000
     0.900695     0.747538    -0.449007      157.164      117.450     -37.2000   0.00100000
     0.859047     0.581863    -0.161113     -62.4430     -118.847      27.9372   0.00100000
     0.807283     0.882104    -0.211474     -43.9034     -42.2659     -19.2092   0.00100000
     0.556760     0.947986    -0.388470      78.6718     -4.69778      101.611   0.00100000
    -0.137269     0.562047    -0.895258      37.6357     -76.7718     -45.2131   0.00100000
     0.382038     0.915459    -0.861992      23.3516     -77.2390      102.760   0.00100000
     0.337779     0.582429    -0.502087     -77.9578     -5.12590     -37.5820   0.00100000
     0.497267      1.08538    -0.403596      97.7866      121.940      13.8034   0.00100000
    0.0928133      1.33193    0.0738175      31.5778     -104.890      89.4654   0.00100000
  -0.00549769     0.602962     0.109931     -59.5583      221.210      61.0863   0.00100000
   -0.0214744     0.637348     0.204903      17.8695     -263.593      24.6913   0.00100000
    0.0118222     0.624258     0.202299     -10.0528     -90.9423     -126.779   0.00100000
   -0.0782018     0.591142   -0.0105832     -154.297      97.4665     -13.7869   0.00100000
     0.114522     0.863730    -0.141543     -35.7727     -139.196      95.6874   0.00100000
     0.337889     0.854194    0.0923538      14.4642      159.631      64.9010   0.00100000
    -0.110643     0.682745     0.640658      16.4906     -3.39335     -71.2533   0.00100000
    -0.238765     0.794953     0.622878      5.15221     -69.5238     -17.3994   0.00100000
     0.729511     0.939603    0.0176072      31.2285     -19.2363     -9.65717   0.00100000
     0.510766     0.600024   -0.0562913     -46.5712     -87.2955     -5.75125   0.00100000
     0.952106     0.577810     0.454916      12.8565     -22.7208     -39.8222   0.00100000
     0.545387     0.795783     0.421594      102.775      110.671     -43.7011   0.00100000
     0.525362     0.656027     0.523563     -104.830     -129.766     -93.9147   0.00100000
     0.569625     0.344075     0.285016     -94.7317      11.0836      25.1923   0.00100000
     0.989976     0.517252    -0.142177     -213.917     -74.7940      49.4918   0.00100000
     0.514085     0.438615     0.153768     -32.1866     -242.707     -9.90307   0.00100000
     0.725485   -0.0244830   -0.0862424      36.7377      83.9655      75.9962   0.00100000
     0.547706    0.0640676   -0.0844481      127.622     -13.0888     -1.71574   0.00100000
     0.542268    0.0120592   -0.0709341      158.818      18.2687      3.44678   0.00100000
     0.534431    0.0171696    0.0639634     -64.8783      173.392      1.37537   0.00100000
     0.689435   -0.0449618    0.0666285      115.790      15.2928      24.2282   0.00100000
     0.570929   -0.0503886     0.113739     -272.625     -80.8579      51.5045   0.00100000
     0.525766    -0.146652     0.110798      201.511      38.4645      56.1471   0.00100000
     0.514445   -0.0949227  -0.00393081      75.9834     -12.7663      32.0711   0.00100000
     0.570578    -0.113421  -0.00968146     -205.767      61.4599      120.164   0.00100000
     0.545739   0.00331008     0.355277     -40.6809      112.652     -74.7189   0.00100000
     0.196391    -0.160491     0.547487      6.30852      86.9517     -54.3704   0.00100000
     0.165838    -0.197292     0.574881     -101.192      74.7780      68.0759   0.00100000
     0.308026   0.00176501     0.565647      111.295     -50.4564     -27.3971   0.00100000
     0.190079     0.108354     0.606943     -74.8145      26.6625      209.724   0.00100000
     0.285677     0.137596     0.553255      109.007      129.381      9.54844   0.00100000
     0.327995   -0.0131840     0.553519     -135.002     -43.2536     -130.331   0.00100000
     0.415001   -0.0359756     0.276974     -53.1039     -118.863     -45.6194   0.00100000
     0.378430     0.123745     0.316377     -172.813      118.839     -52.8912   0.00100000
     0.256355   -0.0391035     0.332097     -32.9747      36.5363      122.891   0.00100000
     0.262981    0.0379170     0.268148     -55.6199      24.2948      136.122   0.00100000
     0.177903   -0.0474952     0.316783      15.8836     -61.9169      8.34155   0.00100000
     0.208392    -0.122721     0.400526     -60.4749      73.6283      88.2158   0.00100000
     0.128379    -0.103195     0.432841      100.832     -62.5927     -4.38398   0.00100000
     0.171943    -0.211780     0.319841     -56.9428     -173.745     -210.531   0.00100000
     0.184990    -0.183900     0.270204     -185.291      157.807     -151.120   0.00100000
     0.122984    -0.149012     0.261413      46.7626      64.6612     -154.825   0.00100000
     0.278710    -0.200976     0.254478     -36.2066      56.2621     -131.024   0.00100000
     0.371786    -0.229256     0.410985     -23.1614     -86.8974     -21.2055   0.00100000
     0.498914   -0.0816762     0.338730     -26.7329     -61.4051      113.723   0.00100000
     0.502785    -0.230079     0.162090     -43.7080      28.4725      69.3635   0.00100000
     0.459728   -0.0602496     0.195527     -65.1720      35.6778      4.45203   0.00100000
     0.467022   -0.0839504     0.168144     -233.719     -191.742     -77.2432   0.00100000
     0.391275   -0.0746187     0.182604      161.960     -43.3475     -56.3496   0.00100000
     0.314568    -0.168932     0.170269     -51.1805      16.8602      67.1027   0.00100000
     0.338506    -0.112216    0.0521395      35.7089     0.459548     -117.267   0.00100000
     0.483376    -0.186069    -0.102944     -122.019      12.7868      75.4804   0.00100000
     0.376819    -0.134277   -0.0934477     -8.50682     -2.13538     -33.5931   0.00100000
     0.376873    -0.140222    -0.146486      46.6591     -87.7747     -96.0285   0.00100000
     0.219413    -0.219375    0.0289345      166.983      176.911     -122.116   0.00100000
     0.281283    -0.171322    0.0174818     -130.820      192.573     -212.856   0.00100000
     0.262521    -0.167763   -0.0143993      88.4010     -69.6442      302.103   0.00100000
     0.249470    -0.224892   -0.0626926     -96.5893     -22.7771     -67.3748   0.00100000
     0.268051    -0.138190   -0.0700078     -176.260     -13.5838      240.402   0.00100000
     0.230479    -0.128817    -0.122034      82.0651     -97.7896     -277.103   0.00100000
     0.211797   -0.0513746   -0.0689409      55.4998     -82.6520     -197.465   0.00100000
     0.273567   -0.0647562   -0.0564938     -216.016      8.74214      94.2021   0.00100000
     0.274007    -0.120762   -0.0118253     -66.8505      18.4064      267.173   0.00100000
     0.214467    -0.110204   -0.0267992     -48.4761     -115.528      32.2646   0.00100000
     0.252595   -0.0940613    0.0498202      220.767      220.017     -231.280   0.00100000
     0.215841   -0.0875272   0.00838470      40.6268     -14.0835     -47.3997   0.00100000
     0.216209   -0.0485359   -0.0120568      107.079      186.662     -23.2422   0.00100000
     0.214255   -0.0853150   -0.0432711      134.336     -7.76850      98.5223   0.00100000
     0.174527   -0.0729524    0.0390677     -132.114      16.6086      89.4297   0.00100000
     0.201911   -0.0882105   0.00965095      54.0103      131.468     -93.5540   0.00100000
     0.191621    -0.113480   0.00931740     -157.626     -55.3765      203.590   0.00100000
     0.151064    -0.123935  -0.00244212     -75.8570     -105.321      141.793   0.00100000
     0.113941    -0.118883    0.0108247     -73.9249      22.2474     -178.655   0.00100000
     0.133801    -0.122989    0.0169666      21.6940      66.6897     -69.9542   0.00100000
     0.122437    -0.132288    0.0183258     -41.7146     -207.511     -171.714   0.00100000
     0.118779    -0.101631    0.0482783     -102.133     -392.407     0.526811   0.00100000
     0.139016   -0.0447848    0.0191243     -150.913     -42.3329     -167.746   0.00100000
     0.158654   -0.0441557    0.0260196     -42.0072      239.235      30.0412   0.00100000
     0.121270   -0.0644273    0.0217013      3.17905     -26.2061     -26.8762   0.00100000
     0.149828   -0.0478123   -0.0223973     -120.636      124.756     -42.8097   0.00100000
     0.150702   -0.0602653   -0.0797412     -133.878      20.8613     -17.1867   0.00100000
     0.120297   -0.0701616   -0.0929263     -87.9441     -277.814     -152.274   0.00100000
     0.205226   -0.0761067   -0.0956602     -81.6818     -2.66808     -214.693   0.00100000
     0.193251   -0.0969156   -0.0864241      17.1001      101.287     -269.653   0.00100000
     0.190991    -0.115250   -0.0656378      143.715      95.0216      43.8985   0.00100000
     0.172834    -0.107728   -0.0767620      72.0697      27.1890      151.626   0.00100000
     0.171780    -0.123747   -0.0523267     -176.062     -26.6412      394.401   0.00100000
     0.132430    -0.119968    -0.121806      12.8793      36.1136     -31.2101   0.00100000
     0.121625    -0.138576   -0.0752594     -77.5929     -261.962      134.703   0.00100000
     0.163756    -0.161381    -0.140810     -9.12261     -119.967      223.433   0.00100000
     0.205307    -0.164921   -0.0983903      26.0365     -89.6510      199.691   0.00100000
     0.208715    -0.211338   -0.0609996     -206.981     -2.62201      10.2485   0.00100000
     0.191589    -0.204122   -0.0558856     -135.258      381.620      15.0132   0.00100000
     0.195573    -0.219994   -0.0368054     -119.079     -188.722     -57.7832   0.00100000
     0.162878    -0.145751    0.0412233      122.849     -52.2045      5.74599   0.00100000
     0.246332  -0.00756133   -0.0305285     -141.202      169.644     -3.55217   0.00100000
     0.243680    0.0490808    0.0371239      95.6811     -88.1682      64.2651   0.00100000
     0.260184    0.0158298   -0.0387847     -392.862      61.8496      33.4299   0.00100000
     0.266211   0.00518739    0.0276878      123.077      262.516     -87.8618   0.00100000
     0.279572   -0.0423450   -0.0156839     -379.164     -93.3280      162.158   0.00100000
     0.278918  0.000778198   -0.0580888      128.377      13.1875     -121.181   0.00100000
     0.278682   -0.0205405   -0.0526917     -73.0891      63.3174     -142.541   0.00100000
     0.260943   -0.0361509    -0.114971     -192.261      96.1221     -63.3658   0.00100000
     0.236514    0.0260485   -0.0580575     -52.9257     -95.2842      33.4051   0.00100000
     0.257147    0.0405346   -0.0621750     -270.665     -202.318     -65.6772   0.00100000
     0.264746    0.0303876   -0.0620501      180.875      23.7690      200.750   0.00100000
     0.224929    0.0745691   -0.0692222     0.166498      141.681     -61.8203   0.00100000
     0.293593     0.136491    -0.133352      245.186      23.9708     -284.760   0.00100000
     0.272768    0.0882527   0.00427604     -51.7145     -304.902     -61.6642   0.00100000
     0.305349    0.0701634    0.0314345     -72.1426      18.7019      23.9226   0.00100000
     0.216113    0.0619287    0.0166464     -63.9373     -50.7823      78.8674   0.00100000
     0.249933    0.0789012   0.00853610     -105.085      17.2504      254.881   0.00100000
     0.232696    0.0805033    0.0201850      98.9527      110.980      76.5045   0.00100000
     0.222815     0.152822    0.0446165     -171.160     -57.8450     -81.7656   0.00100000
     0.378810    0.0775622  -0.00699258     -189.834      27.6114     -52.1580   0.00100000
     0.359612     0.102258  -0.00830173      10.3081     -163.227     -21.7121   0.00100000
     0.375945    0.0896198    -0.105556      58.6480      87.6120     -122.621   0.00100000
     0.337452   -0.0180185   -0.0890419     -154.865      17.5042     -63.4042   0.00100000
     0.314641  -0.00598359   -0.0133944      32.2025      59.7765      105.861   0.00100000
     0.490593    0.0612656   0.00450468      36.8804      42.3371      15.6531   0.00100000
     0.420810     0.116262    0.0278378      121.763     -47.4146     -36.4957   0.00100000
     0.434802   -0.0200171     0.121684      154.354     -114.103     -58.3554   0.00100000
     0.399634   0.00115597    0.0963140      16.5972      41.5994     -249.692   0.00100000
     0.356233    0.0852405    0.0938096     -119.665      193.399     -31.9381   0.00100000
     0.356357     0.119992     0.226187     -74.4345     -30.6273      196.018   0.00100000
     0.319208   -0.0403986     0.172887     -27.9459      84.0366      238.214   0.00100000
     0.405713   0.00911605     0.246382     -62.0359     -85.1674      77.7411   0.00100000
     0.426718   0.00478363     0.195422     -115.548      92.4423     -303.556   0.00100000
     0.361028     0.256491     0.230150     -46.1757      130.705      172.244   0.00100000
     0.504487     0.286218    0.0744021     -56.9068     -37.7537     -6.49623   0.00100000
     0.501127     0.235274    0.0626793     -90.5829     -25.1016      239.098   0.00100000
     0.434939     0.170025 -0.000496626      6.62263      266.878      8.60577   0.00100000
     0.334859     0.333037   -0.0587704     -20.8028     -61.8960     -52.6264   0.00100000
     0.407727     0.186851    -0.127197     -73.9735     -96.4195     -67.5306   0.00100000
     0.318603     0.161693   -0.0287478      2.28070     -74.6599      217.006   0.00100000
     0.274128     0.196737    0.0332386      58.1818      177.840     -39.5250   0.00100000
     0.273779     0.225521   -0.0144858      125.966      63.3817     -35.1534   0.00100000
     0.212748     0.167985   -0.0193493     -99.8841     -151.687      92.0070   0.00100000
     0.165560     0.313318    0.0261211     -35.0753     -130.104     -206.541   0.00100000
     0.144410     0.284583 -0.000569344     -39.2505      127.028     -20.0030   0.00100000
     0.136971     0.338917   -0.0817900     -4.83902     -9.22585     -5.32491   0.00100000
     0.194129     0.318403    -0.109547     -113.587     -35.7517      128.046   0.00100000
     0.183672     0.291358   -0.0847459      69.1285     -52.1319     -128.026   0.00100000
     0.168820     0.272531    -0.126518     -26.1489      60.3867      191.932   0.00100000
     0.162337     0.237700    0.0272515      3.59735     -70.8225      13.4508   0.00100000
     0.123388     0.157250     0.124650     -13.1083     -53.1304     -152.416   0.00100000
     0.180683     0.158422     0.212448     -137.087      44.5198     -75.7882   0.00100000
     0.213721     0.185759     0.156512      11.9152     -17.8256     -26.5164   0.00100000
     0.266539     0.292818     0.124776      10.0517     -95.4342     -77.0366   0.00100000
     0.255991     0.335945     0.191425      90.2668      81.5000      8.76502   0.00100000
     0.124678     0.260195    0.0816019     -14.6342      12.4712      26.8288   0.00100000
     0.118916     0.361537    0.0831652      95.8680      31.2543     -207.173   0.00100000
     0.246686     0.436237     0.159119      107.619     -182.708     -83.6577   0.00100000
     0.213300     0.523758    0.0664949     -6.55175     -60.2383      66.6810   0.00100000
     0.292935     0.454394     0.205416     -51.4444     -116.036     -251.054   0.00100000
     0.186014     0.477749     0.150007     -68.6382     -226.023      88.2468   0.00100000
     0.127919     0.409492    -0.104964      10.6827      37.2562     -81.0389   0.00100000
     0.281200     0.468917    -0.100581     -38.5558     -108.407     -60.3827   0.00100000
     0.375294     0.501484   -0.0954790      22.4358     -137.499      26.6795   0.00100000
     0.370260     0.351962    0.0797143     -87.5336     -116.134     -51.6007   0.00100000
     0.409226     0.393420     0.165746     -35.1565      29.9380      65.9536   0.00100000
     0.500824     0.451834     0.199638     -51.7489      88.7703     -15.0326   0.00100000
     0.385042     0.439469     0.413195     -29.6198     -21.8689     -128.554   0.00100000
     0.436362     0.454966     0.387178     -95.6241     -186.223      25.2105   0.00100000
     0.405721     0.463377     0.512567     -98.8044     -63.0214     -13.8185   0.00100000
     0.316679     0.414158     0.534268     -33.4631     -176.529     -112.181   0.00100000
     0.490291     0.364645     0.523538      30.3084     -81.2776     -37.2201   0.00100000
     0.439152     0.282346     0.322791      90.9406     -21.7680      203.570   0.00100000
     0.300958     0.170598     0.310813     -53.2338     -52.2386      8.88072   0.00100000
     0.168821     0.239923     0.289199     -175.225     -86.8718     -134.738   0.00100000
     0.195266     0.191016     0.313138      113.422      14.4811      321.903   0.00100000
     0.172711     0.168483     0.306041     -6.34826     -103.574      37.2462   0.00100000
     0.156081     0.384930     0.598196      38.3059      54.2499     -117.255   0.00100000
     0.182506     0.462212     0.346153     -75.0023      106.685      89.1812   0.00100000
     0.241624     0.528043     0.320576     -58.8990      94.3001      66.3919   0.00100000
   -0.0540175     0.186713     0.511873     -71.5463      85.9402      56.9564   0.00100000
    0.0993955     0.159931     0.280535      128.659     -84.2309      46.1798   0.00100000
    0.0690663     0.154681     0.280257      41.0589      114.879      250.290   0.00100000
    0.0542912     0.190990     0.331350     -85.5875     -86.3191      181.304   0.00100000
    -0.157054     0.307466     0.373565      177.956     -135.819      88.5191   0.00100000
   -0.0866358     0.291568     0.612223      17.6627      9.15421      181.277   0.00100000
    -0.144217     0.476450     0.153741     -77.3614      95.8307     -65.2141   0.00100000
   -0.0514936     0.383582   -0.0465932      12.7022     -57.8387      73.1434   0.00100000
    0.0563323     0.371457    0.0263867     -7.69436      45.1114     -28.3629   0.00100000
    0.0381150     0.520054    -0.126138      85.3112      76.7217     -80.7741   0.00100000
    0.0228050     0.489287    0.0391972     -164.987      34.7915      19.7164   0.00100000
    0.0758960     0.296514    0.0710776     -53.6502      116.098      15.8440   0.00100000
    0.0369449     0.295302    0.0863163      155.823     -25.8540      130.847   0.00100000
     0.101251     0.260052     0.239875     -15.3848     -69.0153     -10.2898   0.00100000
   -0.0626526     0.297218    0.0989456      64.4600     -294.413     -50.3022   0.00100000
    0.0395107     0.237919    0.0915115      175.940      2.57121     -52.2840   0.00100000
    -0.120136     0.191200    0.0281703     -87.7644      71.4232      50.5322   0.00100000
    -0.106733     0.264907   -0.0271821      118.982     -99.1881     -63.8084   0.00100000
    -0.240946     0.267398  -0.00759935     -118.580     -29.9492     -99.5848   0.00100000
    -0.219713     0.172387     0.135910     -8.97170      17.1990     -66.2102   0.00100000
    -0.113872     0.294858    0.0836110     -45.5715     -2.82512     -145.337   0.00100000
    -0.118226     0.297554     0.236512      5.50018     -3.86577     -117.312   0.00100000
    -0.250811  -0.00593209     0.231452     -122.738     0.322085    0.0925283   0.00100000
    -0.136660  -0.00316215     0.176673      106.537     -263.661     -36.5213   0.00100000
    -0.111145    0.0232052     0.165645      96.8189      72.3309      4.12635   0.00100000
   -0.0967741   -0.0413902    0.0296295     -25.7142     -17.7236      223.575   0.00100000
    -0.108048    0.0786973   -0.0769680     -7.43149      153.389     -180.080   0.00100000
    -0.141895     0.108311   -0.0558085     -130.994      199.711     -90.4980   0.00100000
    -0.134153    0.0762340   -0.0295379      29.3378      24.8223      80.7074   0.00100000
    -0.101424    0.0646701    0.0250125     -188.860      117.356     -137.159   0.00100000
    -0.158185    0.0880225    0.0133243     -183.257      162.666      2.16442   0.00100000
    -0.143732     0.120030   0.00685573      124.964     -145.276     -41.5476   0.00100000
   0.00648236     0.139466    0.0136721     -151.496     -107.246     -147.109   0.00100000
  -0.00698757     0.147931   -0.0528400     -63.6384      163.250      297.076   0.00100000
   -0.0293226    0.0671915   -0.0629256      37.3692     -108.427     -115.148   0.00100000
   -0.0587738   -0.0263420    -0.127154      96.9856      245.222      211.796   0.00100000
   -0.0383813  -0.00231886   -0.0620172     -207.489     -57.1446     -77.9722   0.00100000
   -0.0754418   -0.0388387   -0.0423505      95.6115      9.48151      14.1297   0.00100000
   -0.0253842    0.0275428    0.0328050      91.4620      41.1327     0.566908   0.00100000
   -0.0200703   -0.0130031   -0.0349410     -51.5700     -72.3298     -122.491   0.00100000
    0.0613177   -0.0385298    0.0311048     -153.548      89.7625     -66.0169   0.00100000
    0.0381651   -0.0116413    0.0472529      215.789      12.4643     -77.4253   0.00100000
    0.0286262    0.0494515  -0.00372934      307.189     -170.028      89.2790   0.00100000
    0.0867717    0.0113177   -0.0213802     -238.998     -116.195     -191.972   0.00100000
     0.106755    0.0423589    0.0470097     -342.108      212.908     -16.5792   0.00100000
    0.0792687    0.0541822    0.0290792      190.621     -74.6354      81.6047   0.00100000
    0.0769291    0.0478202    0.0231524     -254.862     -24.0103     -108.072   0.00100000
    0.0752418    0.0359457    0.0237346     -47.1820     -41.2922      68.9226   0.00100000
    0.0759547   0.00886083    0.0140424      287.069     -36.4355    -0.640871   0.00100000
    0.0909934    0.0256076   0.00796056      4.39404      71.5767      48.3903   0.00100000
    0.0893614   -0.0217892    0.0210752     -58.6477     -170.371      60.9554   0.00100000
     0.105721   -0.0346528   -0.0862200     -200.887      150.849     -149.113   0.00100000
    0.0927622   -0.0287634    -0.126678     -99.4554     -52.8697     -183.429   0.00100000
    0.0280848   -0.0352633    -0.121143      135.438      182.246     -3.97196   0.00100000
     0.103139    0.0855286   -0.0818694      216.579      34.1319      144.593   0.00100000
    0.0335131    0.0953995   -0.0673416     -76.0538      111.637      320.244   0.00100000
    0.0999372     0.144216   -0.0744681      185.960     -287.168      182.666   0.00100000
    0.0908298     0.133335   -0.0235963     -1.09525     -58.5580     -64.9311   0.00100000
    0.0456684    0.0723191   -0.0224466      203.025     -143.335     -116.654   0.00100000
    0.0227888    0.0646056   -0.0220098     -196.520     -86.9803      180.362   0.00100000
    0.0697579    0.0641459   -0.0467124     -160.081      112.499      198.139   0.00100000
     0.101575    0.0862746    0.0108995      152.618     -69.3162      59.2137   0.00100000
